[?25l[0m [38;2;0;0;0m                                [0m
 [38;2;0;0;0m             [38;2;251;251;250m▗[7m[38;2;236;236;235m▔[38;2;207;206;204m▔[38;2;178;174;173m▔[0m[38;2;150;147;146m▖              [0m
 [38;2;0;0;0m [0m [38;2;40;41;35m         [38;2;170;170;167m▁[38;2;216;216;215m▂[38;2;103;103;103;48;2;216;216;216m▏[38;2;119;23;35;48;2;212;212;213m▁[38;2;137;14;22;48;2;183;182;181m▁[38;2;125;33;42;48;2;156;152;150m▁[38;2;51;49;47;48;2;122;118;117m▕[0m[38;2;116;114;114m▂[38;2;100;100;98m▁         [0m  [38;2;40;41;35m [0m
    [38;2;152;153;150m▄[38;2;208;208;207m▂[0m [38;2;99;100;96m  [0m [38;2;215;215;213m▃[38;2;239;239;238m▆[38;2;213;213;213;48;2;240;240;240m▁[38;2;227;227;227;48;2;154;154;155m▋[38;2;210;211;210;48;2;82;44;46m▊[38;2;218;63;73;48;2;221;116;120m▃[38;2;239;150;152;48;2;221;66;74m▁[38;2;234;143;145;48;2;218;51;62m▘[38;2;133;111;110;48;2;106;101;101m▋[38;2;81;80;80;48;2;125;124;124m▍[38;2;128;126;127;48;2;195;194;194m▋[0m[38;2;215;215;215m▆[38;2;191;191;191m▖[0m [38;2;43;44;38m  [0m [38;2;183;183;182m▂[38;2;117;118;115m▄[0m   [38;2;38;39;33m [0m
 [38;2;0;0;0m    [7m[38;2;174;174;172m▆[38;2;216;217;216m▄[0m[38;2;203;203;202m▆[38;2;239;239;239m▄[7m[38;2;222;222;222m▘[0m[38;2;196;196;196;48;2;248;248;248m▂[38;2;231;231;231;48;2;246;246;246m▁[38;2;230;230;230;48;2;245;245;245m▔[38;2;91;91;91;48;2;226;226;226m▕[38;2;216;217;217;48;2;97;47;50m▋[38;2;228;101;108;48;2;210;54;63m▕[38;2;223;55;63;48;2;244;181;182m▄[38;2;174;31;40;48;2;224;35;46m▁[38;2;160;110;113;48;2;117;111;111m▍[38;2;41;38;39;48;2;123;121;122m▏[38;2;188;187;188;48;2;136;134;135m▁[38;2;200;200;200;48;2;220;221;221m▏[38;2;212;212;212;48;2;123;123;123m▌[38;2;192;192;192;48;2;73;73;70m▄[0m[38;2;182;182;182m▅[7m[38;2;149;149;147m▔[38;2;167;167;166m▄[38;2;108;109;106m▆[0m[38;2;40;41;35m     [0m
 [38;2;0;0;0m     [38;2;164;164;162m▗[38;2;110;111;108;48;2;204;205;204m▔[38;2;180;179;172m▁[38;2;116;95;39;48;2;214;213;211m▂[38;2;141;138;133;48;2;214;213;213m▁[38;2;188;187;187;48;2;215;215;215m▃[38;2;182;182;182;48;2;223;223;223m▁[38;2;243;243;243;48;2;227;227;227m▁[38;2;192;136;135;48;2;191;180;178m▕[38;2;209;44;50;48;2;133;127;127m▄[38;2;205;35;41;48;2;148;142;141m▄[38;2;211;43;49;48;2;163;159;159m▄[38;2;193;164;160;48;2;127;126;125m▄[38;2;215;215;215;48;2;152;150;151m▆[38;2;125;125;125;48;2;212;212;212m▁[38;2;118;117;116;48;2;206;206;206m▃[38;2;87;84;81;48;2;165;164;164m▁[38;2;135;109;43;48;2;147;145;144m▂[38;2;89;89;86;48;2;134;132;133m▆[38;2;148;147;146;48;2;88;87;85m▗[0m[38;2;113;112;111m▖      [0m
 [38;2;0;0;0m     [7m[38;2;188;189;188m▏[0m[38;2;214;214;214;48;2;216;216;216m▋[38;2;178;171;158;48;2;203;201;196m▔[38;2;203;203;202;48;2;110;86;28m▃[38;2;191;191;190;48;2;143;121;69m▃[38;2;200;200;200;48;2;237;237;237m▝[38;2;222;222;222;48;2;189;189;189m▂[38;2;214;214;214;48;2;180;180;180m▔[38;2;188;179;178;48;2;173;81;76m▋[38;2;240;113;105;48;2;229;94;94m▂[38;2;227;99;103;48;2;234;98;95m▝[38;2;236;107;104;48;2;231;95;93m▏[38;2;191;191;191;48;2;149;96;93m▝[38;2;197;196;196;48;2;115;114;112m▔[38;2;190;190;189;48;2;116;115;114m▃[38;2;217;217;217;48;2;143;143;142m▅[38;2;131;128;121;48;2;111;91;41m▄[38;2;142;124;80;48;2;63;45;15m▆[38;2;132;131;130;48;2;91;86;76m▖[38;2;117;115;115;48;2;154;152;152m▘[0m[38;2;144;142;143m▋      [0m
 [38;2;0;0;0m    [0m [38;2;159;159;159;48;2;238;238;238m▕[38;2;30;30;30;48;2;196;196;196m▗[38;2;93;93;93;48;2;197;197;197m▖[38;2;185;185;185;48;2;234;234;234m▁[38;2;233;233;233;48;2;241;241;241m▏[38;2;246;246;246;48;2;228;228;228m▆[38;2;225;225;225;48;2;246;246;246m▔[38;2;193;193;194;48;2;242;242;241m▔[38;2;218;206;207;48;2;193;88;89m▖[38;2;224;54;57;48;2;234;111;102m▄[38;2;221;47;51;48;2;228;130;119m▂[38;2;202;44;50;48;2;232;88;84m▁[38;2;184;81;81;48;2;110;91;93m▊[38;2;140;139;139;48;2;213;213;213m▌[38;2;205;205;205;48;2;223;223;223m▔[38;2;105;104;105;48;2;197;197;197m▗[38;2;91;90;89;48;2;123;122;122m▘[38;2;128;128;128;48;2;131;129;130m▃[38;2;85;85;85;48;2;137;136;136m▃[38;2;29;28;28;48;2;171;170;171m▖[38;2;76;76;73;48;2;105;104;103m▕[0m[38;2;76;76;73m      [0m
 [38;2;0;0;0m    [38;2;172;172;170m▕[38;2;165;165;165;48;2;252;252;252m▕[38;2;215;215;215;48;2;101;101;101m▍[38;2;124;124;124;48;2;206;206;206m▋[38;2;200;200;200;48;2;190;190;190m▁[38;2;180;179;179;48;2;133;81;77m▋[38;2;123;65;31;48;2;211;209;203m▅[38;2;174;139;35;48;2;241;239;234m▄[38;2;166;135;51;48;2;242;242;241m▃[38;2;150;132;87;48;2;240;240;240m▂[38;2;190;99;101;48;2;216;209;208m▝[38;2;182;177;176;48;2;187;41;50m▃[38;2;174;171;173;48;2;144;93;96m▄[38;2;176;143;48;48;2;204;200;193m▁[38;2;224;183;58;48;2;225;224;223m▃[38;2;128;101;30;48;2;197;179;128m▁[38;2;118;118;116;48;2;82;51;36m▔[38;2;97;62;63;48;2;177;176;176m▍[38;2;155;155;155;48;2;153;153;153m▔[38;2;179;179;179;48;2;101;101;101m▂[38;2;100;100;100;48;2;219;219;219m▋[38;2;77;76;76;48;2;110;109;107m▏[0m [38;2;65;66;61m     [0m
 [38;2;0;0;0m    [0m [38;2;192;193;191;48;2;227;227;227m▏[38;2;96;96;96;48;2;220;220;220m▝[38;2;192;192;192;48;2;25;25;25m▅[38;2;182;182;182;48;2;217;217;217m▏[38;2;230;230;230;48;2;199;198;198m▁[38;2;191;190;190;48;2;180;78;73m▄[38;2;178;150;152;48;2;161;28;31m▂[38;2;181;32;38;48;2;78;16;16m▆[38;2;177;169;169;48;2;133;24;26m▂[38;2;229;228;229;48;2;193;70;60m▂[38;2;220;221;220;48;2;173;61;56m▂[38;2;169;164;163;48;2;144;22;26m▃[38;2;178;167;167;48;2;173;19;28m▂[38;2;204;28;38;48;2;86;16;15m▆[38;2;177;56;63;48;2;77;16;15m▆[38;2;201;200;201;48;2;131;80;83m▗[38;2;166;168;167;48;2;198;197;196m▕[38;2;127;126;127;48;2;157;156;157m▁[38;2;191;191;191;48;2;20;20;20m▅[38;2;229;229;229;48;2;120;120;119m▖[38;2;85;85;82;48;2;102;101;99m▕[0m [38;2;51;52;47m     [0m
 [38;2;0;0;0m     [7m[38;2;210;210;209m▌[0m[38;2;80;80;80;48;2;229;229;229m▕[38;2;156;156;156;48;2;41;41;41m▄[38;2;120;120;119;48;2;246;246;246m▍[48;2;230;230;230m [48;2;229;229;229m [38;2;233;233;234;48;2;253;253;253m▔[38;2;164;164;164;48;2;233;233;233m▎[38;2;253;253;253;48;2;249;250;250m▊[38;2;201;201;201;48;2;132;131;132m▆[38;2;182;182;182;48;2;97;97;97m▆[38;2;172;172;172;48;2;113;113;113m▆[38;2;251;252;251;48;2;253;253;253m▏[38;2;170;170;170;48;2;229;229;229m▝[38;2;212;211;211;48;2;155;153;154m▎[38;2;125;125;125;48;2;250;250;250m▍[38;2;247;247;247;48;2;128;126;127m▋[38;2;92;91;91;48;2;155;153;154m▝[38;2;155;155;155;48;2;40;40;40m▄[38;2;217;217;217;48;2;98;98;97m▌[0m[38;2;95;94;92m▌      [0m
 [38;2;0;0;0m     [0m [7m[38;2;170;170;169m▄[0m[38;2;144;144;142;48;2;39;39;38m▅[38;2;118;118;118;48;2;241;241;241m▘[48;2;230;230;230m [38;2;142;143;141;48;2;237;237;237m▗[38;2;215;215;215;48;2;251;251;251m▁[38;2;218;218;218;48;2;222;222;222m▁[38;2;245;245;245;48;2;253;253;253m▕[38;2;162;148;147;48;2;238;214;210m▖[38;2;214;152;140;48;2;211;211;211m▅[38;2;157;146;145;48;2;229;206;201m▗[38;2;245;245;245;48;2;253;253;253m▏[38;2;189;189;189;48;2;211;211;211m▁[38;2;132;130;131;48;2;155;154;154m▗[38;2;95;95;94;48;2;250;250;250m▍[38;2;247;247;247;48;2;129;127;128m▋[38;2;177;176;176;48;2;136;135;135m▗[38;2;141;141;139;48;2;38;38;38m▅[0m[38;2;220;220;220m▘       [0m
 [38;2;0;0;0m        [7m[38;2;177;177;175m▆[38;2;220;220;219m▄[0m[38;2;253;253;253m▘[38;2;148;148;147m▝[7m[38;2;180;180;180m▃[0m[38;2;125;118;116;48;2;195;193;193m▁[38;2;160;63;59;48;2;233;82;81m▌[38;2;232;54;57;48;2;241;108;102m▄[38;2;229;82;81;48;2;110;41;42m▌[38;2;131;128;128;48;2;221;221;220m▃[0m[7m[38;2;148;148;148m▃[0m[38;2;106;106;105m▘[38;2;253;253;253m▝[38;2;252;252;252m▘[7m[38;2;111;112;110m▆[0m[38;2;42;43;37m         [0m
 [38;2;0;0;0m            [0m [38;2;99;85;83m▔[38;2;102;32;31;48;2;175;35;35m▃[0m[7m[38;2;164;19;23m▁[38;2;137;22;25m▗[0m[38;2;78;73;70m▔[0m [38;2;38;39;33m             [0m
 [38;2;0;0;0m                                [0m
[?25h